((("~/.emacs.d" .
   [0 0 0 0 0 0 0 0 0 1])
  ("make-directory" .
   [0 0 0 0 0 0 0 0 0 0 0 0 1 0])
  ("getenv" .
   [1 0 0 0 0 0])
  ("test" .
   [8 0 0 0])
  ("test-completion" .
   [0 0 0 0 1 0 0 0 0 0 0 0 0 0 0])
  ("newline-mark" .
   [0 0 0 0 0 0 0 0 0 0 0 1])
  ("u3000+" .
   [1 0 0 0 0 0])
  ("kbd" .
   [1 0 0])
  ("global" .
   [1 0 0 0 0 0])
  ("yascroll" .
   [0 0 0 0 1 0 1 0])
  ("=" .
   [1])
  ("undo" .
   [1 0 0 0])
  ("redo" .
   [1 0 0 0])
  ("select" .
   [1 0 0 0 0 0])
  ("eval" .
   [1 0 0 0])
  ("Emacs" .
   [1 0 0 0 1])
  ("setq" .
   [1 0 0 0])
  ("cookie" .
   [0 0 0 1 0 0])
  ("emacsclient" .
   [0 0 0 0 0 0 0 0 1 0 0])
  ("cursor" .
   [1 0 0 0 0 0])
  ("position" .
   [0 0 0 0 1 0 0 0])
  ("nil" .
   [2 0 0])
  ("faces" .
   [1 0 0 0 0])
  ("fubar" .
   [2 0 0 0 0])
  ("f" .
   [1])
  ("calendar" .
   [1 0 0 0 0 0 0 0])
  ("local" .
   [1 0 0 0 0])
  ("settings" .
   [2 0 0 0 0 0 0 0])
  ("files" .
   [1 0 0 0 0])
  ("or" .
   [1 0])
  ("package" .
   [0 0 0 1 0 0 0])
  ("installed" .
   [1 0 0 0 0 0 0 0 0])
  ("file" .
   [1 0 0 0])
  ("file." .
   [1 0 0 0 0])
  ("concat" .
   [2 0 0 0 0 0])))
